1613.jpg [724, 344] [512, 338]
1641.jpg [901, 327] [691, 305]
1631.jpg [822, 342] [615, 324]
1561.jpg [652, 277] [453, 298]
1897.jpg [775, 283] [607, 276]
1897.jpg [457, 270] [295, 267]
1911.jpg [783, 278] [615, 272]
1911.jpg [464, 267] [302, 265]
1837.jpg [788, 266] [618, 260]
1837.jpg [465, 239] [316, 243]
1879.jpg [768, 278] [599, 271]
1879.jpg [449, 267] [286, 265]
1785.jpg [807, 202] [634, 196]
1845.jpg [783, 268] [615, 260]
1845.jpg [461, 243] [311, 245]
1543.jpg [650, 213] [467, 241]
1603.jpg [684, 331] [479, 334]
1855.jpg [779, 277] [608, 270]
1855.jpg [459, 262] [297, 259]
1775.jpg [803, 181] [630, 177]
1589.jpg [655, 311] [463, 324]
1599.jpg [674, 326] [469, 332]
1789.jpg [807, 215] [635, 209]
1873.jpg [768, 279] [600, 272]
1873.jpg [449, 267] [286, 265]
1551.jpg [653, 249] [456, 273]
1621.jpg [757, 346] [555, 334]
1613.jpg [724, 344] [512, 338]
1641.jpg [901, 327] [691, 305]
1631.jpg [822, 342] [615, 324]
1561.jpg [652, 277] [453, 298]
1897.jpg [775, 283] [607, 276]
1897.jpg [457, 270] [295, 267]
1911.jpg [783, 278] [615, 272]
1911.jpg [464, 267] [302, 265]
1837.jpg [788, 266] [618, 260]
1837.jpg [465, 239] [316, 243]
1879.jpg [768, 278] [599, 271]
1879.jpg [449, 267] [286, 265]
1785.jpg [807, 202] [634, 196]
1845.jpg [783, 268] [615, 260]
1845.jpg [461, 243] [311, 245]
1543.jpg [650, 213] [467, 241]
1603.jpg [684, 331] [479, 334]
1855.jpg [779, 277] [608, 270]
1855.jpg [459, 262] [297, 259]
1775.jpg [803, 181] [630, 177]
1589.jpg [655, 311] [463, 324]
1599.jpg [674, 326] [469, 332]
1789.jpg [807, 215] [635, 209]
1873.jpg [768, 279] [600, 272]
1873.jpg [449, 267] [286, 265]
1551.jpg [653, 249] [456, 273]
1621.jpg [757, 346] [555, 334]
1557.jpg [651, 266] [456, 289]
1617.jpg [743, 348] [529, 340]
1571.jpg [654, 292] [453, 312]
1607.jpg [697, 337] [490, 334]
1865.jpg [773, 277] [603, 271]
1865.jpg [452, 266] [290, 264]
1725.jpg [870, 189] [690, 188]
1781.jpg [806, 192] [633, 187]
1841.jpg [787, 267] [616, 261]
1841.jpg [463, 241] [314, 244]
1859.jpg [775, 277] [606, 270]
1859.jpg [455, 263] [295, 261]
1593.jpg [663, 321] [460, 330]
1729.jpg [858, 186] [681, 185]
1887.jpg [770, 280] [602, 274]
1887.jpg [451, 269] [289, 266]
1771.jpg [796, 170] [635, 167]
1929.jpg [791, 269] [620, 264]
1929.jpg [468, 261] [305, 260]
1547.jpg [653, 235] [458, 260]
1585.jpg [653, 305] [461, 320]
1715.jpg [904, 197] [716, 194]
1627.jpg [793, 346] [589, 330]
1799.jpg [806, 239] [636, 231]
1963.jpg [781, 229] [611, 224]
1963.jpg [459, 221] [294, 220]
1967.jpg [774, 221] [612, 218]
1967.jpg [456, 218] [291, 218]
1953.jpg [789, 240] [618, 235]
1953.jpg [465, 231] [300, 231]
1635.jpg [852, 338] [645, 318]
1949.jpg [791, 245] [619, 240]
1949.jpg [466, 237] [301, 236]
1901.jpg [777, 282] [609, 275]
1901.jpg [460, 269] [298, 267]
1831.jpg [789, 265] [619, 259]
1831.jpg [467, 237] [318, 242]
1925.jpg [788, 273] [619, 267]
1925.jpg [468, 263] [304, 262]
1579.jpg [655, 301] [456, 318]
1575.jpg [654, 295] [456, 315]
1851.jpg [779, 273] [611, 265]
1851.jpg [461, 257] [300, 255]
1915.jpg [785, 277] [616, 271]
1915.jpg [466, 265] [303, 264]
1869.jpg [766, 273] [606, 268]
1869.jpg [450, 267] [288, 265]
1907.jpg [780, 280] [613, 273]
1907.jpg [463, 267] [300, 265]
1943.jpg [796, 254] [621, 250]
1943.jpg [469, 245] [304, 244]
1823.jpg [791, 261] [621, 255]
1957.jpg [786, 234] [615, 229]
1957.jpg [463, 226] [298, 225]
1935.jpg [793, 263] [621, 258]
1935.jpg [469, 255] [304, 254]
1921.jpg [787, 275] [618, 269]
1921.jpg [467, 265] [304, 264]
1893.jpg [773, 282] [605, 275]
1893.jpg [455, 269] [293, 267]
1719.jpg [894, 197] [700, 196]
1939.jpg [794, 258] [622, 254]
1939.jpg [470, 250] [305, 249]
1883.jpg [768, 279] [600, 273]
1883.jpg [450, 268] [287, 265]
1711.jpg [924, 200] [733, 196]
1565.jpg [652, 284] [453, 304]
1613.jpg [724, 344] [512, 338]
1641.jpg [901, 327] [691, 305]
1631.jpg [822, 342] [615, 324]
1561.jpg [652, 277] [453, 298]
1897.jpg [775, 283] [607, 276]
1897.jpg [457, 270] [295, 267]
1911.jpg [783, 278] [615, 272]
1911.jpg [464, 267] [302, 265]
1837.jpg [788, 266] [618, 260]
1837.jpg [465, 239] [316, 243]
1879.jpg [768, 278] [599, 271]
1879.jpg [449, 267] [286, 265]
1785.jpg [807, 202] [634, 196]
1845.jpg [783, 268] [615, 260]
1845.jpg [461, 243] [311, 245]
1543.jpg [650, 213] [467, 241]
1603.jpg [684, 331] [479, 334]
1855.jpg [779, 277] [608, 270]
1855.jpg [459, 262] [297, 259]
1775.jpg [803, 181] [630, 177]
1589.jpg [655, 311] [463, 324]
1599.jpg [674, 326] [469, 332]
1789.jpg [807, 215] [635, 209]
1873.jpg [768, 279] [600, 272]
1873.jpg [449, 267] [286, 265]
1551.jpg [653, 249] [456, 273]
1621.jpg [757, 346] [555, 334]
1557.jpg [651, 266] [456, 289]
1617.jpg [743, 348] [529, 340]
1571.jpg [654, 292] [453, 312]
1607.jpg [697, 337] [490, 334]
1865.jpg [773, 277] [603, 271]
1865.jpg [452, 266] [290, 264]
1725.jpg [870, 189] [690, 188]
1781.jpg [806, 192] [633, 187]
1841.jpg [787, 267] [616, 261]
1841.jpg [463, 241] [314, 244]
1859.jpg [775, 277] [606, 270]
1859.jpg [455, 263] [295, 261]
1593.jpg [663, 321] [460, 330]
1729.jpg [858, 186] [681, 185]
1887.jpg [770, 280] [602, 274]
1887.jpg [451, 269] [289, 266]
1771.jpg [796, 170] [635, 167]
1929.jpg [791, 269] [620, 264]
1929.jpg [468, 261] [305, 260]
1547.jpg [653, 235] [458, 260]
1585.jpg [653, 305] [461, 320]
1715.jpg [904, 197] [716, 194]
1627.jpg [793, 346] [589, 330]
1799.jpg [806, 239] [636, 231]
1963.jpg [781, 229] [611, 224]
1963.jpg [459, 221] [294, 220]
1967.jpg [774, 221] [612, 218]
1967.jpg [456, 218] [291, 218]
1953.jpg [789, 240] [618, 235]
1953.jpg [465, 231] [300, 231]
1635.jpg [852, 338] [645, 318]
1949.jpg [791, 245] [619, 240]
1949.jpg [466, 237] [301, 236]
1901.jpg [777, 282] [609, 275]
1901.jpg [460, 269] [298, 267]
1831.jpg [789, 265] [619, 259]
1831.jpg [467, 237] [318, 242]
1925.jpg [788, 273] [619, 267]
1925.jpg [468, 263] [304, 262]
1579.jpg [655, 301] [456, 318]
1575.jpg [654, 295] [456, 315]
1851.jpg [779, 273] [611, 265]
1851.jpg [461, 257] [300, 255]
1915.jpg [785, 277] [616, 271]
1915.jpg [466, 265] [303, 264]
1869.jpg [766, 273] [606, 268]
1869.jpg [450, 267] [288, 265]
1907.jpg [780, 280] [613, 273]
1907.jpg [463, 267] [300, 265]
1943.jpg [796, 254] [621, 250]
1943.jpg [469, 245] [304, 244]
1823.jpg [791, 261] [621, 255]
1957.jpg [786, 234] [615, 229]
1957.jpg [463, 226] [298, 225]
1935.jpg [793, 263] [621, 258]
1935.jpg [469, 255] [304, 254]
1921.jpg [787, 275] [618, 269]
1921.jpg [467, 265] [304, 264]
1893.jpg [773, 282] [605, 275]
1893.jpg [455, 269] [293, 267]
1719.jpg [894, 197] [700, 196]
1939.jpg [794, 258] [622, 254]
1939.jpg [470, 250] [305, 249]
1883.jpg [768, 279] [600, 273]
1883.jpg [450, 268] [287, 265]
1711.jpg [924, 200] [733, 196]
1565.jpg [652, 284] [453, 304]
1641.jpg [901, 327] [691, 305]
1631.jpg [822, 342] [615, 324]
1561.jpg [652, 277] [453, 298]
1897.jpg [775, 283] [607, 276]
1897.jpg [457, 270] [295, 267]
1911.jpg [783, 278] [615, 272]
1911.jpg [464, 267] [302, 265]
1837.jpg [788, 266] [618, 260]
1837.jpg [465, 239] [316, 243]
1879.jpg [768, 278] [599, 271]
1879.jpg [449, 267] [286, 265]
1785.jpg [807, 202] [634, 196]
1845.jpg [783, 268] [615, 260]
1845.jpg [461, 243] [311, 245]
1543.jpg [650, 213] [467, 241]
1603.jpg [684, 331] [479, 334]
1855.jpg [779, 277] [608, 270]
1855.jpg [459, 262] [297, 259]
1775.jpg [803, 181] [630, 177]
1589.jpg [655, 311] [463, 324]
1599.jpg [674, 326] [469, 332]
1789.jpg [807, 215] [635, 209]
1873.jpg [768, 279] [600, 272]
1873.jpg [449, 267] [286, 265]
1551.jpg [653, 249] [456, 273]
1621.jpg [757, 346] [555, 334]
1613.jpg [724, 344] [512, 338]
1613.jpg [724, 344] [512, 338]
1613.jpg [724, 344] [512, 338]
1641.jpg [901, 327] [691, 305]
1631.jpg [822, 342] [615, 324]
1561.jpg [652, 277] [453, 298]
1613.jpg [724, 344] [512, 338]
1641.jpg [901, 327] [691, 305]
1631.jpg [822, 342] [615, 324]
1561.jpg [652, 277] [453, 298]
1897.jpg [775, 283] [607, 276]
1897.jpg [457, 270] [295, 267]
1911.jpg [783, 278] [615, 272]
1911.jpg [464, 267] [302, 265]
1837.jpg [788, 266] [618, 260]
1837.jpg [465, 239] [316, 243]
1879.jpg [768, 278] [599, 271]
1879.jpg [449, 267] [286, 265]
1785.jpg [807, 202] [634, 196]
1845.jpg [783, 268] [615, 260]
1845.jpg [461, 243] [311, 245]
1543.jpg [650, 213] [467, 241]
1603.jpg [684, 331] [479, 334]
1855.jpg [779, 277] [608, 270]
1855.jpg [459, 262] [297, 259]
1775.jpg [803, 181] [630, 177]
1589.jpg [655, 311] [463, 324]
1599.jpg [674, 326] [469, 332]
1789.jpg [807, 215] [635, 209]
1873.jpg [768, 279] [600, 272]
1873.jpg [449, 267] [286, 265]
1551.jpg [653, 249] [456, 273]
1621.jpg [757, 346] [555, 334]
1557.jpg [651, 266] [456, 289]
1617.jpg [743, 348] [529, 340]
1571.jpg [654, 292] [453, 312]
1607.jpg [697, 337] [490, 334]
1865.jpg [773, 277] [603, 271]
1865.jpg [452, 266] [290, 264]
1725.jpg [870, 189] [690, 188]
1781.jpg [806, 192] [633, 187]
1841.jpg [787, 267] [616, 261]
1841.jpg [463, 241] [314, 244]
1859.jpg [775, 277] [606, 270]
1859.jpg [455, 263] [295, 261]
1593.jpg [663, 321] [460, 330]
1729.jpg [858, 186] [681, 185]
1887.jpg [770, 280] [602, 274]
1887.jpg [451, 269] [289, 266]
1771.jpg [796, 170] [635, 167]
1929.jpg [791, 269] [620, 264]
1929.jpg [468, 261] [305, 260]
1547.jpg [653, 235] [458, 260]
1585.jpg [653, 305] [461, 320]
1715.jpg [904, 197] [716, 194]
1627.jpg [793, 346] [589, 330]
1799.jpg [806, 239] [636, 231]
1963.jpg [781, 229] [611, 224]
1963.jpg [459, 221] [294, 220]
1967.jpg [774, 221] [612, 218]
1967.jpg [456, 218] [291, 218]
1953.jpg [789, 240] [618, 235]
1953.jpg [465, 231] [300, 231]
1635.jpg [852, 338] [645, 318]
1949.jpg [791, 245] [619, 240]
1949.jpg [466, 237] [301, 236]
1901.jpg [777, 282] [609, 275]
1901.jpg [460, 269] [298, 267]
1831.jpg [789, 265] [619, 259]
1831.jpg [467, 237] [318, 242]
1925.jpg [788, 273] [619, 267]
1925.jpg [468, 263] [304, 262]
1579.jpg [655, 301] [456, 318]
1575.jpg [654, 295] [456, 315]
1851.jpg [779, 273] [611, 265]
1851.jpg [461, 257] [300, 255]
1915.jpg [785, 277] [616, 271]
1915.jpg [466, 265] [303, 264]
1869.jpg [766, 273] [606, 268]
1869.jpg [450, 267] [288, 265]
1907.jpg [780, 280] [613, 273]
1907.jpg [463, 267] [300, 265]
1943.jpg [796, 254] [621, 250]
1943.jpg [469, 245] [304, 244]
1823.jpg [791, 261] [621, 255]
1957.jpg [786, 234] [615, 229]
1957.jpg [463, 226] [298, 225]
1935.jpg [793, 263] [621, 258]
1935.jpg [469, 255] [304, 254]
1921.jpg [787, 275] [618, 269]
1921.jpg [467, 265] [304, 264]
1893.jpg [773, 282] [605, 275]
1893.jpg [455, 269] [293, 267]
1719.jpg [894, 197] [700, 196]
1939.jpg [794, 258] [622, 254]
1939.jpg [470, 250] [305, 249]
1883.jpg [768, 279] [600, 273]
1883.jpg [450, 268] [287, 265]
1711.jpg [924, 200] [733, 196]
1565.jpg [652, 284] [453, 304]
1613.jpg [724, 344] [512, 338]
1641.jpg [901, 327] [691, 305]
1613.jpg [724, 344] [512, 338]
1613.jpg [724, 344] [512, 338]
1641.jpg [901, 327] [691, 305]
1631.jpg [822, 342] [615, 324]
1561.jpg [652, 277] [453, 298]
1897.jpg [775, 283] [607, 276]
1897.jpg [457, 270] [295, 267]
1613.jpg [724, 344] [512, 338]
1641.jpg [901, 327] [691, 305]
1631.jpg [822, 342] [615, 324]
1561.jpg [652, 277] [453, 298]
1897.jpg [775, 283] [607, 276]
1897.jpg [457, 270] [295, 267]
1613.jpg [724, 344] [512, 338]
1641.jpg [901, 327] [691, 305]
1631.jpg [822, 342] [615, 324]
1561.jpg [652, 277] [453, 298]
1897.jpg [775, 283] [607, 276]
1897.jpg [457, 270] [295, 267]
1613.jpg [724, 344] [512, 338]
1641.jpg [901, 327] [691, 305]
1631.jpg [822, 342] [615, 324]
1561.jpg [652, 277] [453, 298]
1897.jpg [775, 283] [607, 276]
1897.jpg [457, 270] [295, 267]
1911.jpg [783, 278] [615, 272]
1911.jpg [464, 267] [302, 265]
1837.jpg [788, 266] [618, 260]
1837.jpg [465, 239] [316, 243]
1879.jpg [768, 278] [599, 271]
1879.jpg [449, 267] [286, 265]
1785.jpg [807, 202] [634, 196]
1845.jpg [783, 268] [615, 260]
1845.jpg [461, 243] [311, 245]
1543.jpg [650, 213] [467, 241]
1603.jpg [684, 331] [479, 334]
1855.jpg [779, 277] [608, 270]
1855.jpg [459, 262] [297, 259]
1775.jpg [803, 181] [630, 177]
1589.jpg [655, 311] [463, 324]
1599.jpg [674, 326] [469, 332]
1789.jpg [807, 215] [635, 209]
1873.jpg [768, 279] [600, 272]
1873.jpg [449, 267] [286, 265]
1551.jpg [653, 249] [456, 273]
1621.jpg [757, 346] [555, 334]
1557.jpg [651, 266] [456, 289]
1617.jpg [743, 348] [529, 340]
1571.jpg [654, 292] [453, 312]
1607.jpg [697, 337] [490, 334]
1865.jpg [773, 277] [603, 271]
1865.jpg [452, 266] [290, 264]
1725.jpg [870, 189] [690, 188]
1781.jpg [806, 192] [633, 187]
1841.jpg [787, 267] [616, 261]
1841.jpg [463, 241] [314, 244]
1859.jpg [775, 277] [606, 270]
1859.jpg [455, 263] [295, 261]
1593.jpg [663, 321] [460, 330]
1729.jpg [858, 186] [681, 185]
1887.jpg [770, 280] [602, 274]
1887.jpg [451, 269] [289, 266]
1771.jpg [796, 170] [635, 167]
1929.jpg [791, 269] [620, 264]
1929.jpg [468, 261] [305, 260]
1547.jpg [653, 235] [458, 260]
1585.jpg [653, 305] [461, 320]
1715.jpg [904, 197] [716, 194]
1627.jpg [793, 346] [589, 330]
1799.jpg [806, 239] [636, 231]
1963.jpg [781, 229] [611, 224]
1963.jpg [459, 221] [294, 220]
1967.jpg [774, 221] [612, 218]
1967.jpg [456, 218] [291, 218]
1953.jpg [789, 240] [618, 235]
1953.jpg [465, 231] [300, 231]
1635.jpg [852, 338] [645, 318]
1949.jpg [791, 245] [619, 240]
1949.jpg [466, 237] [301, 236]
1901.jpg [777, 282] [609, 275]
1901.jpg [460, 269] [298, 267]
1831.jpg [789, 265] [619, 259]
1831.jpg [467, 237] [318, 242]
1925.jpg [788, 273] [619, 267]
1925.jpg [468, 263] [304, 262]
1579.jpg [655, 301] [456, 318]
1575.jpg [654, 295] [456, 315]
1851.jpg [779, 273] [611, 265]
1851.jpg [461, 257] [300, 255]
1915.jpg [785, 277] [616, 271]
1915.jpg [466, 265] [303, 264]
1869.jpg [766, 273] [606, 268]
1869.jpg [450, 267] [288, 265]
1907.jpg [780, 280] [613, 273]
1907.jpg [463, 267] [300, 265]
1943.jpg [796, 254] [621, 250]
1943.jpg [469, 245] [304, 244]
1823.jpg [791, 261] [621, 255]
1957.jpg [786, 234] [615, 229]
1957.jpg [463, 226] [298, 225]
1935.jpg [793, 263] [621, 258]
1935.jpg [469, 255] [304, 254]
1921.jpg [787, 275] [618, 269]
1921.jpg [467, 265] [304, 264]
1893.jpg [773, 282] [605, 275]
1893.jpg [455, 269] [293, 267]
1719.jpg [894, 197] [700, 196]
1939.jpg [794, 258] [622, 254]
1939.jpg [470, 250] [305, 249]
1883.jpg [768, 279] [600, 273]
1883.jpg [450, 268] [287, 265]
1711.jpg [924, 200] [733, 196]
1565.jpg [652, 284] [453, 304]
1167.jpg [564, 468] [488, 291]
1167.jpg [457, 190] [272, 221]
1027.jpg [261, 321] [50, 321]
1027.jpg [878, 303] [686, 307]
1167.jpg [564, 468] [488, 291]
1167.jpg [457, 190] [272, 221]
1027.jpg [261, 321] [50, 321]
1027.jpg [878, 303] [686, 307]
1167.jpg [564, 468] [488, 291]
1167.jpg [457, 190] [272, 221]
1027.jpg [261, 321] [50, 321]
1027.jpg [878, 303] [686, 307]
1167.jpg [564, 468] [488, 291]
1167.jpg [457, 190] [272, 221]
1167.jpg [564, 468] [488, 291]
1167.jpg [457, 190] [272, 221]
1167.jpg [564, 468] [488, 291]
1167.jpg [457, 190] [272, 221]
1027.jpg [261, 321] [50, 321]
1027.jpg [878, 303] [686, 307]
