-5.72215 1.82426 -3.08852
4.58197 0.00827196 3.69434
-5.52613 1.63289 -2.36088
-5.70544 1.83768 -3.09135
-6.28147 2.28145 -4.90327
-6.28395 2.28141 -4.86842
-0.0806058 0.566461 4.7766
-5.7116 1.84355 -3.09092
5.27766 0.185602 4.52881
7.61894 0.345531 4.97689
-5.50817 1.65032 -2.34304
-5.70544 1.83768 -3.09135
-6.10202 2.15716 -4.22913
-6.28147 2.28145 -4.90327
-5.52613 1.63289 -2.36088
-5.70544 1.83768 -3.09135
-6.08876 2.13192 -4.24795
-5.50817 1.65032 -2.34304
-5.70544 1.83768 -3.09135
-6.08412 2.14346 -4.23291
-6.28395 2.28141 -4.86842
-5.70544 1.83768 -3.09135
-6.08876 2.13192 -4.24795
-6.25672 2.28443 -4.89333
-5.70544 1.83768 -3.09135
-6.08876 2.13192 -4.24795
-6.25672 2.28443 -4.89333
-6.08412 2.14346 -4.23291
-6.28395 2.28141 -4.86842
-5.72215 1.82426 -3.08852
-5.50817 1.65032 -2.34304
-5.70544 1.83768 -3.09135
-5.50817 1.65032 -2.34304
-5.70544 1.83768 -3.09135
-6.13916 2.17202 -4.22456
-6.28395 2.28141 -4.86842
-6.25672 2.28443 -4.89333
-5.70544 1.83768 -3.09135
6.81417 0.281961 4.66272
-5.52536 1.64259 -2.34707
-5.72215 1.82426 -3.08852
-5.50817 1.65032 -2.34304
-5.77207 1.84513 -3.06113
-6.08876 2.13192 -4.24795
-6.28147 2.28145 -4.90327
-6.08412 2.14346 -4.23291
-6.28395 2.28141 -4.86842
-5.70544 1.83768 -3.09135
-5.50817 1.65032 -2.34304
-5.70544 1.83768 -3.09135
-6.08412 2.14346 -4.23291
-6.28395 2.28141 -4.86842
-5.72215 1.82426 -3.08852
-5.4377 1.63446 -2.36107
-5.72215 1.82426 -3.08852
-5.52536 1.64259 -2.34707
-5.70544 1.83768 -3.09135
-6.08412 2.14346 -4.23291
-6.28147 2.28145 -4.90327
-6.08412 2.14346 -4.23291
-6.28147 2.28145 -4.90327
-5.70544 1.83768 -3.09135
-5.70544 1.83768 -3.09135
7.61894 0.345531 4.97689
6.80419 0.287579 4.65521
-6.08412 2.14346 -4.23291
-6.28395 2.28141 -4.86842
-5.50817 1.65032 -2.34304
-5.77207 1.84513 -3.06113
-5.7116 1.84355 -3.09092
7.61894 0.345531 4.97689
6.81417 0.281961 4.66272
-5.50817 1.65032 -2.34304
-5.7116 1.84355 -3.09092
-6.10202 2.15716 -4.22913
-6.28395 2.28141 -4.86842
-6.08412 2.14346 -4.23291
-6.25672 2.28443 -4.89333
-5.52613 1.63289 -2.36088
-5.7116 1.84355 -3.09092
-5.7116 1.84355 -3.09092
-5.70544 1.83768 -3.09135
7.65276 0.33114 4.95824
7.61894 0.345531 4.97689
6.81417 0.281961 4.66272
-6.08412 2.14346 -4.23291
-6.28395 2.28141 -4.86842
-5.52536 1.64259 -2.34707
-5.77207 1.84513 -3.06113
-5.50817 1.65032 -2.34304
-5.70544 1.83768 -3.09135
7.61894 0.345531 4.97689
4.43683 0.115689 4.64995
4.45075 0.114703 4.60194
-5.50817 1.65032 -2.34304
-5.70544 1.83768 -3.09135
7.61894 0.345531 4.97689
-6.08412 2.14346 -4.23291
-6.28395 2.28141 -4.86842
-5.52536 1.64259 -2.34707
-5.70544 1.83768 -3.09135
-6.08876 2.13192 -4.24795
-6.25672 2.28443 -4.89333
-5.70544 1.83768 -3.09135
4.45075 0.114703 4.60194
-6.08876 2.13192 -4.24795
-6.25672 2.28443 -4.89333
-5.39022 1.69567 -0.601361
-5.70544 1.83768 -3.09135
7.61166 0.343379 5.01203
6.81417 0.281961 4.66272
-5.52536 1.64259 -2.34707
-5.70544 1.83768 -3.09135
-6.08412 2.14346 -4.23291
-6.28395 2.28141 -4.86842
-5.52536 1.64259 -2.34707
-5.70544 1.83768 -3.09135
-6.28395 2.28141 -4.86842
-5.50817 1.65032 -2.34304
-5.70544 1.83768 -3.09135
-6.08412 2.14346 -4.23291
-6.28395 2.28141 -4.86842
-5.52613 1.63289 -2.36088
7.61894 0.345531 4.97689
6.81417 0.281961 4.66272
4.45075 0.114703 4.60194
-5.50424 1.75875 -3.07106
-5.72215 1.82426 -3.08852
-6.08412 2.14346 -4.23291
-6.28395 2.28141 -4.86842
-5.52536 1.64259 -2.34707
-5.70544 1.83768 -3.09135
-5.52613 1.63289 -2.36088
-5.70544 1.83768 -3.09135
-6.08412 2.14346 -4.23291
-6.28395 2.28141 -4.86842
-5.52536 1.64259 -2.34707
-5.70544 1.83768 -3.09135
-6.28395 2.28141 -4.86842
-5.52536 1.64259 -2.34707
-5.70544 1.83768 -3.09135
-6.08876 2.13192 -4.24795
-6.28395 2.28141 -4.86842
-5.52613 1.63289 -2.36088
-5.77207 1.84513 -3.06113
-6.08876 2.13192 -4.24795
-6.25672 2.28443 -4.89333
5.23194 0.208922 4.61568
4.65029 0.058144 4.34341
6.81983 0.312137 4.76589
-5.50817 1.65032 -2.34304
-5.70544 1.83768 -3.09135
6.83925 0.327521 4.85071
-6.08876 2.13192 -4.24795
-6.28395 2.28141 -4.86842
-5.7116 1.84355 -3.09092
7.61894 0.345531 4.97689
6.81417 0.281961 4.66272
6.81417 0.281961 4.66272
7.61894 0.345531 4.97689
-5.70544 1.83768 -3.09135
-6.08412 2.14346 -4.23291
-6.28395 2.28141 -4.86842
-5.5034 1.64955 -2.34196
-5.7116 1.84355 -3.09092
-5.70544 1.83768 -3.09135
5.23194 0.208922 4.61568
4.43683 0.115689 4.64995
7.61166 0.343379 5.01203
6.83925 0.327521 4.85071
-5.4377 1.63446 -2.36107
-5.70544 1.83768 -3.09135
-6.08412 2.14346 -4.23291
-6.25672 2.28443 -4.89333
4.45075 0.114703 4.60194
-5.52536 1.64259 -2.34707
-5.70544 1.83768 -3.09135
-6.08412 2.14346 -4.23291
-6.28147 2.28145 -4.90327
-5.52536 1.64259 -2.34707
-6.08412 2.14346 -4.23291
-6.28147 2.28145 -4.90327
-5.54496 1.69495 -2.35621
-5.7116 1.84355 -3.09092
7.61894 0.345531 4.97689
4.43683 0.115689 4.64995
7.61166 0.343379 5.01203
5.32518 0.21982 4.7516
7.61894 0.345531 4.97689
-5.50817 1.65032 -2.34304
-5.72215 1.82426 -3.08852
7.61894 0.345531 4.97689
6.81417 0.281961 4.66272
7.61894 0.345531 4.97689
6.80419 0.287579 4.65521
-6.28395 2.28141 -4.86842
-5.5034 1.64955 -2.34196
-5.72215 1.82426 -3.08852
-5.5034 1.64955 -2.34196
-5.70544 1.83768 -3.09135
-6.28147 2.28145 -4.90327
-5.52536 1.64259 -2.34707
-5.70544 1.83768 -3.09135
-6.08412 2.14346 -4.23291
-6.28147 2.28145 -4.90327
5.29411 0.188798 4.48906
4.43683 0.115689 4.64995
-6.08412 2.14346 -4.23291
-6.28395 2.28141 -4.86842
-5.52613 1.63289 -2.36088
-5.70544 1.83768 -3.09135
5.32518 0.21982 4.7516
-6.28147 2.28145 -4.90327
5.32518 0.21982 4.7516
4.45075 0.114703 4.60194
5.32518 0.21982 4.7516
-5.52536 1.64259 -2.34707
-5.70544 1.83768 -3.09135
-6.13916 2.17202 -4.22456
-6.28395 2.28141 -4.86842
-6.08412 2.14346 -4.23291
-6.28395 2.28141 -4.86842
-5.50817 1.65032 -2.34304
-5.77207 1.84513 -3.06113
4.43683 0.115689 4.64995
-5.70544 1.83768 -3.09135
-6.08412 2.14346 -4.23291
-6.28395 2.28141 -4.86842
7.61894 0.345531 4.97689
6.77696 0.287359 4.72273
-5.7116 1.84355 -3.09092
-6.08412 2.14346 -4.23291
-5.52536 1.64259 -2.34707
-5.70544 1.83768 -3.09135
-6.08412 2.14346 -4.23291
-6.28395 2.28141 -4.86842
-6.25672 2.28443 -4.89333
-5.7116 1.84355 -3.09092
4.45075 0.114703 4.60194
-5.54301 2.02402 -2.31687
-5.2497 1.45125 0.0151627
-5.39043 1.688 -0.657459
6.77696 0.287359 4.72273
-5.70544 1.83768 -3.09135
-7.9884 2.52398 -2.29872
-5.70544 1.83768 -3.09135
-5.72215 1.82426 -3.08852
4.58197 0.00827196 3.69434
-5.52613 1.63289 -2.36088
-5.70544 1.83768 -3.09135
-6.28147 2.28145 -4.90327
-6.28395 2.28141 -4.86842
-0.0806058 0.566461 4.7766
-5.7116 1.84355 -3.09092
5.27766 0.185602 4.52881
7.61894 0.345531 4.97689
-5.50817 1.65032 -2.34304
-5.70544 1.83768 -3.09135
-6.10202 2.15716 -4.22913
-6.28147 2.28145 -4.90327
-5.52613 1.63289 -2.36088
-5.70544 1.83768 -3.09135
-6.08876 2.13192 -4.24795
-5.50817 1.65032 -2.34304
-5.70544 1.83768 -3.09135
-6.08412 2.14346 -4.23291
-6.28395 2.28141 -4.86842
-5.70544 1.83768 -3.09135
-6.08876 2.13192 -4.24795
-6.25672 2.28443 -4.89333
-5.70544 1.83768 -3.09135
-6.08876 2.13192 -4.24795
-6.25672 2.28443 -4.89333
-6.08412 2.14346 -4.23291
-6.28395 2.28141 -4.86842
-5.72215 1.82426 -3.08852
-5.50817 1.65032 -2.34304
-5.70544 1.83768 -3.09135
-5.50817 1.65032 -2.34304
-5.70544 1.83768 -3.09135
-6.13916 2.17202 -4.22456
-6.28395 2.28141 -4.86842
-6.25672 2.28443 -4.89333
-5.70544 1.83768 -3.09135
6.81417 0.281961 4.66272
-5.52536 1.64259 -2.34707
-5.72215 1.82426 -3.08852
-5.50817 1.65032 -2.34304
-5.77207 1.84513 -3.06113
-6.08876 2.13192 -4.24795
-6.28147 2.28145 -4.90327
-6.08412 2.14346 -4.23291
-6.28395 2.28141 -4.86842
-5.70544 1.83768 -3.09135
-5.50817 1.65032 -2.34304
-5.70544 1.83768 -3.09135
-6.08412 2.14346 -4.23291
-6.28395 2.28141 -4.86842
-5.72215 1.82426 -3.08852
-5.4377 1.63446 -2.36107
-5.72215 1.82426 -3.08852
-5.52536 1.64259 -2.34707
-5.70544 1.83768 -3.09135
-6.08412 2.14346 -4.23291
-6.28147 2.28145 -4.90327
-6.08412 2.14346 -4.23291
-6.28147 2.28145 -4.90327
-5.70544 1.83768 -3.09135
-5.70544 1.83768 -3.09135
7.61894 0.345531 4.97689
6.80419 0.287579 4.65521
-6.08412 2.14346 -4.23291
-6.28395 2.28141 -4.86842
-5.50817 1.65032 -2.34304
-5.77207 1.84513 -3.06113
-5.7116 1.84355 -3.09092
7.61894 0.345531 4.97689
6.81417 0.281961 4.66272
-5.50817 1.65032 -2.34304
-5.7116 1.84355 -3.09092
-6.10202 2.15716 -4.22913
-6.28395 2.28141 -4.86842
-6.08412 2.14346 -4.23291
-6.25672 2.28443 -4.89333
-5.52613 1.63289 -2.36088
-5.7116 1.84355 -3.09092
-5.7116 1.84355 -3.09092
-5.70544 1.83768 -3.09135
7.65276 0.33114 4.95824
7.61894 0.345531 4.97689
6.81417 0.281961 4.66272
-6.08412 2.14346 -4.23291
-6.28395 2.28141 -4.86842
-5.52536 1.64259 -2.34707
-5.77207 1.84513 -3.06113
-5.50817 1.65032 -2.34304
-5.70544 1.83768 -3.09135
7.61894 0.345531 4.97689
4.43683 0.115689 4.64995
4.45075 0.114703 4.60194
-5.50817 1.65032 -2.34304
-5.70544 1.83768 -3.09135
7.61894 0.345531 4.97689
-6.08412 2.14346 -4.23291
-6.28395 2.28141 -4.86842
-5.52536 1.64259 -2.34707
-5.70544 1.83768 -3.09135
-6.08876 2.13192 -4.24795
-6.25672 2.28443 -4.89333
-5.70544 1.83768 -3.09135
4.45075 0.114703 4.60194
-6.08876 2.13192 -4.24795
-6.25672 2.28443 -4.89333
-5.39022 1.69567 -0.601361
-5.70544 1.83768 -3.09135
7.61166 0.343379 5.01203
6.81417 0.281961 4.66272
-5.52536 1.64259 -2.34707
-5.70544 1.83768 -3.09135
-6.08412 2.14346 -4.23291
-6.28395 2.28141 -4.86842
-5.52536 1.64259 -2.34707
-5.70544 1.83768 -3.09135
-6.28395 2.28141 -4.86842
-5.50817 1.65032 -2.34304
-5.70544 1.83768 -3.09135
-6.08412 2.14346 -4.23291
-6.28395 2.28141 -4.86842
-5.52613 1.63289 -2.36088
7.61894 0.345531 4.97689
6.81417 0.281961 4.66272
4.45075 0.114703 4.60194
-5.50424 1.75875 -3.07106
-5.72215 1.82426 -3.08852
-6.08412 2.14346 -4.23291
-6.28395 2.28141 -4.86842
-5.52536 1.64259 -2.34707
-5.70544 1.83768 -3.09135
-5.52613 1.63289 -2.36088
-5.70544 1.83768 -3.09135
-6.08412 2.14346 -4.23291
-6.28395 2.28141 -4.86842
-5.52536 1.64259 -2.34707
-5.70544 1.83768 -3.09135
-6.28395 2.28141 -4.86842
-5.52536 1.64259 -2.34707
-5.70544 1.83768 -3.09135
-6.08876 2.13192 -4.24795
-6.28395 2.28141 -4.86842
-5.52613 1.63289 -2.36088
-5.77207 1.84513 -3.06113
-6.08876 2.13192 -4.24795
-6.25672 2.28443 -4.89333
5.23194 0.208922 4.61568
4.65029 0.058144 4.34341
6.81983 0.312137 4.76589
-5.50817 1.65032 -2.34304
-5.70544 1.83768 -3.09135
6.83925 0.327521 4.85071
-6.08876 2.13192 -4.24795
-6.28395 2.28141 -4.86842
-5.7116 1.84355 -3.09092
7.61894 0.345531 4.97689
6.81417 0.281961 4.66272
6.81417 0.281961 4.66272
7.61894 0.345531 4.97689
-5.70544 1.83768 -3.09135
-6.08412 2.14346 -4.23291
-6.28395 2.28141 -4.86842
-5.5034 1.64955 -2.34196
-5.7116 1.84355 -3.09092
-5.70544 1.83768 -3.09135
5.23194 0.208922 4.61568
4.43683 0.115689 4.64995
7.61166 0.343379 5.01203
6.83925 0.327521 4.85071
-5.4377 1.63446 -2.36107
-5.70544 1.83768 -3.09135
-6.08412 2.14346 -4.23291
-6.25672 2.28443 -4.89333
4.45075 0.114703 4.60194
-5.52536 1.64259 -2.34707
-5.70544 1.83768 -3.09135
-6.08412 2.14346 -4.23291
-6.28147 2.28145 -4.90327
-5.52536 1.64259 -2.34707
-6.08412 2.14346 -4.23291
-6.28147 2.28145 -4.90327
-5.54496 1.69495 -2.35621
-5.7116 1.84355 -3.09092
7.61894 0.345531 4.97689
4.43683 0.115689 4.64995
7.61166 0.343379 5.01203
5.32518 0.21982 4.7516
7.61894 0.345531 4.97689
-5.50817 1.65032 -2.34304
-5.72215 1.82426 -3.08852
7.61894 0.345531 4.97689
6.81417 0.281961 4.66272
7.61894 0.345531 4.97689
6.80419 0.287579 4.65521
-6.28395 2.28141 -4.86842
-5.5034 1.64955 -2.34196
-5.72215 1.82426 -3.08852
-5.5034 1.64955 -2.34196
-5.70544 1.83768 -3.09135
-6.28147 2.28145 -4.90327
-5.52536 1.64259 -2.34707
-5.70544 1.83768 -3.09135
-6.08412 2.14346 -4.23291
-6.28147 2.28145 -4.90327
5.29411 0.188798 4.48906
4.43683 0.115689 4.64995
-6.08412 2.14346 -4.23291
-6.28395 2.28141 -4.86842
-5.52613 1.63289 -2.36088
-5.70544 1.83768 -3.09135
5.32518 0.21982 4.7516
-6.28147 2.28145 -4.90327
5.32518 0.21982 4.7516
4.45075 0.114703 4.60194
5.32518 0.21982 4.7516
-5.52536 1.64259 -2.34707
-5.70544 1.83768 -3.09135
-6.13916 2.17202 -4.22456
-6.28395 2.28141 -4.86842
-6.08412 2.14346 -4.23291
-6.28395 2.28141 -4.86842
-5.50817 1.65032 -2.34304
-5.77207 1.84513 -3.06113
4.43683 0.115689 4.64995
-5.70544 1.83768 -3.09135
-6.08412 2.14346 -4.23291
-6.28395 2.28141 -4.86842
7.61894 0.345531 4.97689
6.77696 0.287359 4.72273
-5.7116 1.84355 -3.09092
-6.08412 2.14346 -4.23291
-5.52536 1.64259 -2.34707
-5.70544 1.83768 -3.09135
-6.08412 2.14346 -4.23291
-6.28395 2.28141 -4.86842
-6.25672 2.28443 -4.89333
-5.7116 1.84355 -3.09092
4.45075 0.114703 4.60194
-5.54301 2.02402 -2.31687
-5.2497 1.45125 0.0151627
-5.39043 1.688 -0.657459
6.77696 0.287359 4.72273
-5.70544 1.83768 -3.09135
-7.9884 2.52398 -2.29872
-5.70544 1.83768 -3.09135
-5.72215 1.82426 -3.08852
4.58197 0.00827196 3.69434
-5.52613 1.63289 -2.36088
-5.70544 1.83768 -3.09135
-6.28147 2.28145 -4.90327
-6.28395 2.28141 -4.86842
-0.0806058 0.566461 4.7766
-5.7116 1.84355 -3.09092
5.27766 0.185602 4.52881
7.61894 0.345531 4.97689
-5.50817 1.65032 -2.34304
-5.70544 1.83768 -3.09135
-6.10202 2.15716 -4.22913
-6.28147 2.28145 -4.90327
-5.52613 1.63289 -2.36088
-5.70544 1.83768 -3.09135
-6.08876 2.13192 -4.24795
-5.50817 1.65032 -2.34304
-5.70544 1.83768 -3.09135
-6.08412 2.14346 -4.23291
-6.28395 2.28141 -4.86842
-5.70544 1.83768 -3.09135
-6.08876 2.13192 -4.24795
-6.25672 2.28443 -4.89333
-5.70544 1.83768 -3.09135
-6.08876 2.13192 -4.24795
-6.25672 2.28443 -4.89333
-6.08412 2.14346 -4.23291
-6.28395 2.28141 -4.86842
-5.72215 1.82426 -3.08852
-5.50817 1.65032 -2.34304
-5.70544 1.83768 -3.09135
-5.50817 1.65032 -2.34304
-5.70544 1.83768 -3.09135
-6.13916 2.17202 -4.22456
-6.28395 2.28141 -4.86842
-6.25672 2.28443 -4.89333
-5.70544 1.83768 -3.09135
6.81417 0.281961 4.66272
-5.52536 1.64259 -2.34707
-5.72215 1.82426 -3.08852
-5.50817 1.65032 -2.34304
-5.77207 1.84513 -3.06113
-6.08876 2.13192 -4.24795
-6.28147 2.28145 -4.90327
-6.08412 2.14346 -4.23291
-6.28395 2.28141 -4.86842
-5.70544 1.83768 -3.09135
-5.50817 1.65032 -2.34304
-5.70544 1.83768 -3.09135
-6.08412 2.14346 -4.23291
-6.28395 2.28141 -4.86842
-5.72215 1.82426 -3.08852
-5.4377 1.63446 -2.36107
-5.72215 1.82426 -3.08852
-5.52536 1.64259 -2.34707
-5.70544 1.83768 -3.09135
-6.08412 2.14346 -4.23291
-6.28147 2.28145 -4.90327
-6.08412 2.14346 -4.23291
-6.28147 2.28145 -4.90327
-5.70544 1.83768 -3.09135
-5.70544 1.83768 -3.09135
7.61894 0.345531 4.97689
6.80419 0.287579 4.65521
-6.08412 2.14346 -4.23291
-6.28395 2.28141 -4.86842
-5.50817 1.65032 -2.34304
-5.77207 1.84513 -3.06113
-5.7116 1.84355 -3.09092
7.61894 0.345531 4.97689
6.81417 0.281961 4.66272
-5.50817 1.65032 -2.34304
-5.7116 1.84355 -3.09092
-6.10202 2.15716 -4.22913
-6.28395 2.28141 -4.86842
-6.08412 2.14346 -4.23291
-6.25672 2.28443 -4.89333
-5.52613 1.63289 -2.36088
-5.7116 1.84355 -3.09092
-5.7116 1.84355 -3.09092
-5.70544 1.83768 -3.09135
7.65276 0.33114 4.95824
7.61894 0.345531 4.97689
6.81417 0.281961 4.66272
-6.08412 2.14346 -4.23291
-6.28395 2.28141 -4.86842
-5.52536 1.64259 -2.34707
-5.77207 1.84513 -3.06113
-5.50817 1.65032 -2.34304
-5.70544 1.83768 -3.09135
7.61894 0.345531 4.97689
4.43683 0.115689 4.64995
4.45075 0.114703 4.60194
-5.50817 1.65032 -2.34304
-5.70544 1.83768 -3.09135
7.61894 0.345531 4.97689
-6.08412 2.14346 -4.23291
-6.28395 2.28141 -4.86842
-5.52536 1.64259 -2.34707
-5.70544 1.83768 -3.09135
-6.08876 2.13192 -4.24795
-6.25672 2.28443 -4.89333
-5.70544 1.83768 -3.09135
4.45075 0.114703 4.60194
-6.08876 2.13192 -4.24795
-6.25672 2.28443 -4.89333
-5.39022 1.69567 -0.601361
-5.70544 1.83768 -3.09135
7.61166 0.343379 5.01203
6.81417 0.281961 4.66272
-5.52536 1.64259 -2.34707
-5.70544 1.83768 -3.09135
-6.08412 2.14346 -4.23291
-6.28395 2.28141 -4.86842
-5.52536 1.64259 -2.34707
-5.70544 1.83768 -3.09135
-6.28395 2.28141 -4.86842
-5.50817 1.65032 -2.34304
-5.70544 1.83768 -3.09135
-6.08412 2.14346 -4.23291
-6.28395 2.28141 -4.86842
-5.52613 1.63289 -2.36088
7.61894 0.345531 4.97689
6.81417 0.281961 4.66272
4.45075 0.114703 4.60194
-5.50424 1.75875 -3.07106
-5.72215 1.82426 -3.08852
-6.08412 2.14346 -4.23291
-6.28395 2.28141 -4.86842
-5.52536 1.64259 -2.34707
-5.70544 1.83768 -3.09135
-5.52613 1.63289 -2.36088
-5.70544 1.83768 -3.09135
-6.08412 2.14346 -4.23291
-6.28395 2.28141 -4.86842
-5.52536 1.64259 -2.34707
-5.70544 1.83768 -3.09135
-6.28395 2.28141 -4.86842
-5.52536 1.64259 -2.34707
-5.70544 1.83768 -3.09135
-6.08876 2.13192 -4.24795
-6.28395 2.28141 -4.86842
-5.52613 1.63289 -2.36088
-5.77207 1.84513 -3.06113
-6.08876 2.13192 -4.24795
-6.25672 2.28443 -4.89333
5.23194 0.208922 4.61568
4.65029 0.058144 4.34341
6.81983 0.312137 4.76589
-5.50817 1.65032 -2.34304
-5.70544 1.83768 -3.09135
6.83925 0.327521 4.85071
-6.08876 2.13192 -4.24795
-6.28395 2.28141 -4.86842
-5.7116 1.84355 -3.09092
7.61894 0.345531 4.97689
6.81417 0.281961 4.66272
6.81417 0.281961 4.66272
7.61894 0.345531 4.97689
-5.70544 1.83768 -3.09135
-6.08412 2.14346 -4.23291
-6.28395 2.28141 -4.86842
-5.5034 1.64955 -2.34196
-5.7116 1.84355 -3.09092
-5.70544 1.83768 -3.09135
5.23194 0.208922 4.61568
4.43683 0.115689 4.64995
7.61166 0.343379 5.01203
6.83925 0.327521 4.85071
-5.4377 1.63446 -2.36107
-5.70544 1.83768 -3.09135
-6.08412 2.14346 -4.23291
-6.25672 2.28443 -4.89333
4.45075 0.114703 4.60194
-5.52536 1.64259 -2.34707
-5.70544 1.83768 -3.09135
-6.08412 2.14346 -4.23291
-6.28147 2.28145 -4.90327
-5.52536 1.64259 -2.34707
-6.08412 2.14346 -4.23291
-6.28147 2.28145 -4.90327
-5.54496 1.69495 -2.35621
-5.7116 1.84355 -3.09092
7.61894 0.345531 4.97689
4.43683 0.115689 4.64995
7.61166 0.343379 5.01203
5.32518 0.21982 4.7516
7.61894 0.345531 4.97689
-5.50817 1.65032 -2.34304
-5.72215 1.82426 -3.08852
7.61894 0.345531 4.97689
6.81417 0.281961 4.66272
7.61894 0.345531 4.97689
6.80419 0.287579 4.65521
-6.28395 2.28141 -4.86842
-5.5034 1.64955 -2.34196
-5.72215 1.82426 -3.08852
-5.5034 1.64955 -2.34196
-5.70544 1.83768 -3.09135
-6.28147 2.28145 -4.90327
-5.52536 1.64259 -2.34707
-5.70544 1.83768 -3.09135
-6.08412 2.14346 -4.23291
-6.28147 2.28145 -4.90327
5.29411 0.188798 4.48906
4.43683 0.115689 4.64995
-6.08412 2.14346 -4.23291
-6.28395 2.28141 -4.86842
-5.52613 1.63289 -2.36088
-5.70544 1.83768 -3.09135
5.32518 0.21982 4.7516
-6.28147 2.28145 -4.90327
5.32518 0.21982 4.7516
4.45075 0.114703 4.60194
5.32518 0.21982 4.7516
-5.52536 1.64259 -2.34707
-5.70544 1.83768 -3.09135
-6.13916 2.17202 -4.22456
-6.28395 2.28141 -4.86842
-6.08412 2.14346 -4.23291
-6.28395 2.28141 -4.86842
-5.50817 1.65032 -2.34304
-5.77207 1.84513 -3.06113
4.43683 0.115689 4.64995
-5.70544 1.83768 -3.09135
-6.08412 2.14346 -4.23291
-6.28395 2.28141 -4.86842
7.61894 0.345531 4.97689
6.77696 0.287359 4.72273
-5.7116 1.84355 -3.09092
-6.08412 2.14346 -4.23291
-5.52536 1.64259 -2.34707
-5.70544 1.83768 -3.09135
-6.08412 2.14346 -4.23291
-6.28395 2.28141 -4.86842
-6.25672 2.28443 -4.89333
-5.7116 1.84355 -3.09092
4.45075 0.114703 4.60194
-5.54301 2.02402 -2.31687
-5.2497 1.45125 0.0151627
-5.39043 1.688 -0.657459
6.77696 0.287359 4.72273
-5.70544 1.83768 -3.09135
-7.9884 2.52398 -2.29872
-5.70544 1.83768 -3.09135
-5.72215 1.82426 -3.08852
4.58197 0.00827196 3.69434
-5.52613 1.63289 -2.36088
-5.70544 1.83768 -3.09135
-6.28147 2.28145 -4.90327
-6.28395 2.28141 -4.86842
-0.0806058 0.566461 4.7766
-5.7116 1.84355 -3.09092
5.27766 0.185602 4.52881
7.61894 0.345531 4.97689
-5.50817 1.65032 -2.34304
-5.70544 1.83768 -3.09135
-6.10202 2.15716 -4.22913
-6.28147 2.28145 -4.90327
-5.52613 1.63289 -2.36088
-5.70544 1.83768 -3.09135
-6.08876 2.13192 -4.24795
-5.50817 1.65032 -2.34304
-5.70544 1.83768 -3.09135
-6.08412 2.14346 -4.23291
-6.28395 2.28141 -4.86842
-5.70544 1.83768 -3.09135
-6.08876 2.13192 -4.24795
-6.25672 2.28443 -4.89333
-5.70544 1.83768 -3.09135
-6.08876 2.13192 -4.24795
-6.25672 2.28443 -4.89333
-6.08412 2.14346 -4.23291
-6.28395 2.28141 -4.86842
-5.72215 1.82426 -3.08852
-5.50817 1.65032 -2.34304
-5.70544 1.83768 -3.09135
-5.50817 1.65032 -2.34304
-5.70544 1.83768 -3.09135
-6.13916 2.17202 -4.22456
-6.28395 2.28141 -4.86842
-6.25672 2.28443 -4.89333
-5.70544 1.83768 -3.09135
6.81417 0.281961 4.66272
-5.52536 1.64259 -2.34707
-5.72215 1.82426 -3.08852
-5.50817 1.65032 -2.34304
-5.77207 1.84513 -3.06113
-6.08876 2.13192 -4.24795
-6.28147 2.28145 -4.90327
-6.08412 2.14346 -4.23291
-6.28395 2.28141 -4.86842
-5.70544 1.83768 -3.09135
-5.50817 1.65032 -2.34304
-5.70544 1.83768 -3.09135
-6.08412 2.14346 -4.23291
-6.28395 2.28141 -4.86842
-5.72215 1.82426 -3.08852
-5.4377 1.63446 -2.36107
-5.72215 1.82426 -3.08852
-5.52536 1.64259 -2.34707
-5.70544 1.83768 -3.09135
-6.08412 2.14346 -4.23291
-6.28147 2.28145 -4.90327
-6.08412 2.14346 -4.23291
-6.28147 2.28145 -4.90327
-5.70544 1.83768 -3.09135
-5.70544 1.83768 -3.09135
7.61894 0.345531 4.97689
6.80419 0.287579 4.65521
-6.08412 2.14346 -4.23291
-6.28395 2.28141 -4.86842
-5.50817 1.65032 -2.34304
-5.77207 1.84513 -3.06113
-5.7116 1.84355 -3.09092
7.61894 0.345531 4.97689
6.81417 0.281961 4.66272
-5.50817 1.65032 -2.34304
-5.7116 1.84355 -3.09092
-6.10202 2.15716 -4.22913
-6.28395 2.28141 -4.86842
-6.08412 2.14346 -4.23291
-6.25672 2.28443 -4.89333
-5.52613 1.63289 -2.36088
-5.7116 1.84355 -3.09092
-5.7116 1.84355 -3.09092
-5.70544 1.83768 -3.09135
7.65276 0.33114 4.95824
7.61894 0.345531 4.97689
6.81417 0.281961 4.66272
-6.08412 2.14346 -4.23291
-6.28395 2.28141 -4.86842
-5.52536 1.64259 -2.34707
-5.77207 1.84513 -3.06113
-5.50817 1.65032 -2.34304
-5.70544 1.83768 -3.09135
7.61894 0.345531 4.97689
4.43683 0.115689 4.64995
4.45075 0.114703 4.60194
-5.50817 1.65032 -2.34304
-5.70544 1.83768 -3.09135
7.61894 0.345531 4.97689
-6.08412 2.14346 -4.23291
-6.28395 2.28141 -4.86842
-5.52536 1.64259 -2.34707
-5.70544 1.83768 -3.09135
-6.08876 2.13192 -4.24795
-6.25672 2.28443 -4.89333
-5.70544 1.83768 -3.09135
4.45075 0.114703 4.60194
-6.08876 2.13192 -4.24795
-6.25672 2.28443 -4.89333
-5.39022 1.69567 -0.601361
-5.70544 1.83768 -3.09135
7.61166 0.343379 5.01203
6.81417 0.281961 4.66272
-5.52536 1.64259 -2.34707
-5.70544 1.83768 -3.09135
-6.08412 2.14346 -4.23291
-6.28395 2.28141 -4.86842
-5.52536 1.64259 -2.34707
-5.70544 1.83768 -3.09135
-6.28395 2.28141 -4.86842
-5.50817 1.65032 -2.34304
-5.70544 1.83768 -3.09135
-6.08412 2.14346 -4.23291
-6.28395 2.28141 -4.86842
-5.52613 1.63289 -2.36088
7.61894 0.345531 4.97689
6.81417 0.281961 4.66272
4.45075 0.114703 4.60194
-5.50424 1.75875 -3.07106
-5.72215 1.82426 -3.08852
-6.08412 2.14346 -4.23291
-6.28395 2.28141 -4.86842
-5.52536 1.64259 -2.34707
-5.70544 1.83768 -3.09135
-5.52613 1.63289 -2.36088
-5.70544 1.83768 -3.09135
-6.08412 2.14346 -4.23291
-6.28395 2.28141 -4.86842
-5.52536 1.64259 -2.34707
-5.70544 1.83768 -3.09135
-6.28395 2.28141 -4.86842
-5.52536 1.64259 -2.34707
-5.70544 1.83768 -3.09135
-6.08876 2.13192 -4.24795
-6.28395 2.28141 -4.86842
-5.52613 1.63289 -2.36088
-5.77207 1.84513 -3.06113
-6.08876 2.13192 -4.24795
-6.25672 2.28443 -4.89333
5.23194 0.208922 4.61568
4.65029 0.058144 4.34341
6.81983 0.312137 4.76589
-5.50817 1.65032 -2.34304
-5.70544 1.83768 -3.09135
6.83925 0.327521 4.85071
-6.08876 2.13192 -4.24795
-6.28395 2.28141 -4.86842
-5.7116 1.84355 -3.09092
7.61894 0.345531 4.97689
6.81417 0.281961 4.66272
6.81417 0.281961 4.66272
7.61894 0.345531 4.97689
-5.70544 1.83768 -3.09135
-6.08412 2.14346 -4.23291
-6.28395 2.28141 -4.86842
-5.5034 1.64955 -2.34196
-5.7116 1.84355 -3.09092
-5.70544 1.83768 -3.09135
5.23194 0.208922 4.61568
4.43683 0.115689 4.64995
7.61166 0.343379 5.01203
6.83925 0.327521 4.85071
-5.4377 1.63446 -2.36107
-5.70544 1.83768 -3.09135
-6.08412 2.14346 -4.23291
-6.25672 2.28443 -4.89333
4.45075 0.114703 4.60194
-5.52536 1.64259 -2.34707
-5.70544 1.83768 -3.09135
-6.08412 2.14346 -4.23291
-6.28147 2.28145 -4.90327
-5.52536 1.64259 -2.34707
-6.08412 2.14346 -4.23291
-6.28147 2.28145 -4.90327
-5.54496 1.69495 -2.35621
-5.7116 1.84355 -3.09092
7.61894 0.345531 4.97689
4.43683 0.115689 4.64995
7.61166 0.343379 5.01203
5.32518 0.21982 4.7516
7.61894 0.345531 4.97689
-5.50817 1.65032 -2.34304
-5.72215 1.82426 -3.08852
7.61894 0.345531 4.97689
6.81417 0.281961 4.66272
7.61894 0.345531 4.97689
6.80419 0.287579 4.65521
-6.28395 2.28141 -4.86842
-5.5034 1.64955 -2.34196
-5.72215 1.82426 -3.08852
-5.5034 1.64955 -2.34196
-5.70544 1.83768 -3.09135
-6.28147 2.28145 -4.90327
-5.52536 1.64259 -2.34707
-5.70544 1.83768 -3.09135
-6.08412 2.14346 -4.23291
-6.28147 2.28145 -4.90327
5.29411 0.188798 4.48906
4.43683 0.115689 4.64995
-6.08412 2.14346 -4.23291
-6.28395 2.28141 -4.86842
-5.52613 1.63289 -2.36088
-5.70544 1.83768 -3.09135
5.32518 0.21982 4.7516
-6.28147 2.28145 -4.90327
5.32518 0.21982 4.7516
4.45075 0.114703 4.60194
5.32518 0.21982 4.7516
-5.52536 1.64259 -2.34707
-5.70544 1.83768 -3.09135
-6.13916 2.17202 -4.22456
-6.28395 2.28141 -4.86842
-6.08412 2.14346 -4.23291
-6.28395 2.28141 -4.86842
-5.50817 1.65032 -2.34304
-5.77207 1.84513 -3.06113
4.43683 0.115689 4.64995
-5.70544 1.83768 -3.09135
-6.08412 2.14346 -4.23291
-6.28395 2.28141 -4.86842
7.61894 0.345531 4.97689
6.77696 0.287359 4.72273
-5.7116 1.84355 -3.09092
-6.08412 2.14346 -4.23291
-5.52536 1.64259 -2.34707
-5.70544 1.83768 -3.09135
-6.08412 2.14346 -4.23291
-6.28395 2.28141 -4.86842
-6.25672 2.28443 -4.89333
-5.7116 1.84355 -3.09092
4.45075 0.114703 4.60194
-5.54301 2.02402 -2.31687
-5.2497 1.45125 0.0151627
-5.39043 1.688 -0.657459
6.77696 0.287359 4.72273
-5.70544 1.83768 -3.09135
-7.9884 2.52398 -2.29872
-5.70544 1.83768 -3.09135
